0.0001458502
0.0002917007
0.0004375523
0.0005834057
0.0007292616
0.0008751207
0.0010209838
0.0011668515
0.0013127245
0.0014586037
0.0016044897
0.0017503832
0.0018962849
0.0020421956
0.0021881160
0.0023340468
0.0024799887
0.0026259424
0.0027719088
0.0029178884
0.0030638820
0.0032098904
0.0033559142
0.0035019542
0.0036480112
0.0037940858
0.0039401788
0.0040862909
0.0042324229
0.0043785754
0.0045247493
0.0046709452
0.0048171640
0.0049634062
0.0051096728
0.0052559644
0.0054022817
0.0055486256
0.0056949967
0.0058413959
0.0059878238
0.0061342812
0.0062807689
0.0064272877
0.0065738383
0.0067204214
0.0068670378
0.0070136884
0.0071603738
0.0073070948
0.0074538523
0.0076006469
0.0077474795
0.0078943508
0.0080412616
0.0081882128
0.0083352050
0.0084822392
0.0086293160
0.0087764362
0.0089236008
0.0090708104
0.0092180659
0.0093653681
0.0095127178
0.0096601158
0.0098075628
0.0099550599
0.0101026077
0.0102502070
0.0103978588
0.0105455638
0.0106933229
0.0108411368
0.0109890066
0.0111369329
0.0112849166
0.0114329586
0.0115810598
0.0117292209
0.0118774429
0.0120257265
0.0121740728
0.0123224825
0.0124709565
0.0126194957
0.0127681009
0.0129167732
0.0130655132
0.0132143220
0.0133632003
0.0135121492
0.0136611696
0.0138102622
0.0139594280
0.0141086680
0.0142579831
0.0144073741
0.0145568420
0.0147063878
0.0148560123
0.0150057164
0.0151555012
0.0153053676
0.0154553165
0.0156053488
0.0157554656
0.0159056677
0.0160559562
0.0162063319
0.0163567960
0.0165073492
0.0166579927
0.0168087274
0.0169595543
0.0171104743
0.0172614885
0.0174125979
0.0175638035
0.0177151062
0.0178665071
0.0180180072
0.0181696075
0.0183213090
0.0184731128
0.0186250199
0.0187770313
0.0189291481
0.0190813713
0.0192337019
0.0193861411
0.0195386898
0.0196913491
0.0198441201
0.0199970039
0.0201500014
0.0203031139
0.0204563423
0.0206096878
0.0207631515
0.0209167343
0.0210704375
0.0212242622
0.0213782094
0.0215322802
0.0216864758
0.0218407973
0.0219952457
0.0221498223
0.0223045282
0.0224593644
0.0226143322
0.0227694326
0.0229246668
0.0230800360
0.0232355413
0.0233911839
0.0235469649
0.0237028855
0.0238589469
0.0240151502
0.0241714966
0.0243279873
0.0244846236
0.0246414065
0.0247983372
0.0249554171
0.0251126472
0.0252700288
0.0254275630
0.0255852512
0.0257430944
0.0259010940
0.0260592512
0.0262175671
0.0263760431
0.0265346803
0.0266934800
0.0268524435
0.0270115719
0.0271708666
0.0273303287
0.0274899596
0.0276497605
0.0278097327
0.0279698775
0.0281301960
0.0282906896
0.0284513596
0.0286122073
0.0287732339
0.0289344407
0.0290958291
0.0292574002
0.0294191555
0.0295810962
0.0297432237
0.0299055392
0.0300680440
0.0302307395
0.0303936270
0.0305567078
0.0307199833
0.0308834547
0.0310471235
0.0312109908
0.0313750582
0.0315393269
0.0317037982
0.0318684736
0.0320333543
0.0321984417
0.0323637373
0.0325292422
0.0326949580
0.0328608859
0.0330270274
0.0331933838
0.0333599564
0.0335267468
0.0336937561
0.0338609859
0.0340284375
0.0341961123
0.0343640117
0.0345321371
0.0347004898
0.0348690713
0.0350378830
0.0352069263
0.0353762026
0.0355457132
0.0357154597
0.0358854434
0.0360556657
0.0362261281
0.0363968320
0.0365677787
0.0367389698
0.0369104067
0.0370820907
0.0372540233
0.0374262060
0.0375986402
0.0377713272
0.0379442687
0.0381174660
0.0382909205
0.0384646337
0.0386386070
0.0388128420
0.0389873400
0.0391621025
0.0393371310
0.0395124268
0.0396879916
0.0398638267
0.0400399337
0.0402163139
0.0403929688
0.0405698999
0.0407471088
0.0409245967
0.0411023654
0.0412804161
0.0414587504
0.0416373698
0.0418162757
0.0419954696
0.0421749531
0.0423547275
0.0425347944
0.0427151553
0.0428958117
0.0430767651
0.0432580168
0.0434395686
0.0436214217
0.0438035778
0.0439860384
0.0441688049
0.0443518788
0.0445352617
0.0447189550
0.0449029602
0.0450872790
0.0452719127
0.0454568628
0.0456421310
0.0458277187
0.0460136274
0.0461998586
0.0463864138
0.0465732946
0.0467605025
0.0469480390
0.0471359056
0.0473241039
0.0475126353
0.0477015013
0.0478907036
0.0480802437
0.0482701230
0.0484603430
0.0486509054
0.0488418117
0.0490330633
0.0492246618
0.0494166088
0.0496089057
0.0498015541
0.0499945556
0.0501879117
0.0503816239
0.0505756937
0.0507701227
0.0509649125
0.0511600645
0.0513555803
0.0515514615
0.0517477096
0.0519443262
0.0521413127
0.0523386708
0.0525364019
0.0527345077
0.0529329897
0.0531318494
0.0533310883
0.0535307081
0.0537307103
0.0539310964
0.0541318679
0.0543330265
0.0545345737
0.0547365111
0.0549388401
0.0551415624
0.0553446796
0.0555481930
0.0557521045
0.0559564154
0.0561611274
0.0563662419
0.0565717607
0.0567776852
0.0569840170
0.0571907576
0.0573979087
0.0576054717
0.0578134484
0.0580218401
0.0582306485
0.0584398752
0.0586495217
0.0588595897
0.0590700805
0.0592809959
0.0594923374
0.0597041066
0.0599163050
0.0601289342
0.0603419959
0.0605554914
0.0607694226
0.0609837908
0.0611985977
0.0614138449
0.0616295339
0.0618456663
0.0620622437
0.0622792676
0.0624967398
0.0627146616
0.0629330347
0.0631518607
0.0633711412
0.0635908777
0.0638110718
0.0640317251
0.0642528392
0.0644744157
0.0646964561
0.0649189620
0.0651419350
0.0653653768
0.0655892887
0.0658136726
0.0660385299
0.0662638622
0.0664896711
0.0667159582
0.0669427250
0.0671699732
0.0673977044
0.0676259201
0.0678546219
0.0680838114
0.0683134902
0.0685436598
0.0687743219
0.0690054781
0.0692371298
0.0694692788
0.0697019265
0.0699350747
0.0701687247
0.0704028784
0.0706375371
0.0708727026
0.0711083763
0.0713445600
0.0715812551
0.0718184632
0.0720561860
0.0722944250
0.0725331818
0.0727724579
0.0730122550
0.0732525747
0.0734934184
0.0737347879
0.0739766846
0.0742191102
0.0744620661
0.0747055541
0.0749495757
0.0751941324
0.0754392259
0.0756848576
0.0759310292
0.0761777423
0.0764249984
0.0766727990
0.0769211458
0.0771700403
0.0774194841
0.0776694787
0.0779200258
0.0781711268
0.0784227833
0.0786749969
0.0789277692
0.0791811017
0.0794349959
0.0796894534
0.0799444757
0.0802000645
0.0804562212
0.0807129474
0.0809702446
0.0812281144
0.0814865584
0.0817455779
0.0820051747
0.0822653501
0.0825261058
0.0827874433
0.0830493640
0.0833118696
0.0835749615
0.0838386412
0.0841029103
0.0843677703
0.0846332226
0.0848992689
0.0851659105
0.0854331490
0.0857009858
0.0859694226
0.0862384607
0.0865081016
0.0867783469
0.0870491979
0.0873206562
0.0875927233
0.0878654005
0.0881386895
0.0884125915
0.0886871082
0.0889622409
0.0892379910
0.0895143601
0.0897913495
0.0900689607
0.0903471951
0.0906260541
0.0909055392
0.0911856517
0.0914663931
0.0917477648
0.0920297682
0.0923124046
0.0925956754
0.0928795821
0.0931641260
0.0934493085
0.0937351308
0.0940215945
0.0943087008
0.0945964511
0.0948848468
0.0951738891
0.0954635793
0.0957539189
0.0960449091
0.0963365513
0.0966288466
0.0969217965
0.0972154021
0.0975096649
0.0978045860
0.0981001667
0.0983964083
0.0986933120
0.0989908791
0.0992891107
0.0995880082
0.0998875727
0.1001878055
0.1004887077
0.1007902806
0.1010925252
0.1013954429
0.1016990347
0.1020033019
0.1023082455
0.1026138668
0.1029201668
0.1032271466
0.1035348074
0.1038431503
0.1041521764
0.1044618867
0.1047722824
0.1050833644
0.1053951339
0.1057075919
0.1060207394
0.1063345774
0.1066491070
0.1069643292
0.1072802449
0.1075968551
0.1079141609
0.1082321631
0.1085508627
0.1088702606
0.1091903578
0.1095111552
0.1098326536
0.1101548540
0.1104777573
0.1108013643
0.1111256758
0.1114506927
0.1117764159
0.1121028461
0.1124299842
0.1127578309
0.1130863870
0.1134156533
0.1137456306
0.1140763196
0.1144077209
0.1147398354
0.1150726637
0.1154062065
0.1157404645
0.1160754384
0.1164111287
0.1167475362
0.1170846614
0.1174225049
0.1177610674
0.1181003494
0.1184403515
0.1187810742
0.1191225180
0.1194646835
0.1198075712
0.1201511815
0.1204955150
0.1208405721
0.1211863532
0.1215328587
0.1218800892
0.1222280449
0.1225767263
0.1229261337
0.1232762674
0.1236271279
0.1239787154
0.1243310303
0.1246840728
0.1250378431
0.1253923417
0.1257475686
0.1261035241
0.1264602085
0.1268176218
0.1271757644
0.1275346363
0.1278942376
0.1282545686
0.1286156293
0.1289774199
0.1293399403
0.1297031907
0.1300671710
0.1304318814
0.1307973218
0.1311634922
0.1315303925
0.1318980229
0.1322663830
0.1326354730
0.1330052927
0.1333758420
0.1337471208
0.1341191288
0.1344918660
0.1348653322
0.1352395272
0.1356144507
0.1359901025
0.1363664823
0.1367435900
0.1371214251
0.1374999874
0.1378792767
0.1382592924
0.1386400343
0.1390215020
0.1394036952
0.1397866133
0.1401702559
0.1405546227
0.1409397131
0.1413255267
0.1417120629
0.1420993213
0.1424873013
0.1428760023
0.1432654239
0.1436555653
0.1440464260
0.1444380053
0.1448303027
0.1452233174
0.1456170488
0.1460114962
0.1464066588
0.1468025360
0.1471991270
0.1475964309
0.1479944471
0.1483931748
0.1487926131
0.1491927611
0.1495936181
0.1499951831
0.1503974553
0.1508004337
0.1512041175
0.1516085057
0.1520135973
0.1524193913
0.1528258869
0.1532330829
0.1536409784
0.1540495722
0.1544588634
0.1548688509
0.1552795335
0.1556909102
0.1561029799
0.1565157413
0.1569291934
0.1573433349
0.1577581647
0.1581736816
0.1585898844
0.1590067717
0.1594243424
0.1598425952
0.1602615288
0.1606811419
0.1611014331
0.1615224013
0.1619440449
0.1623663626
0.1627893532
0.1632130151
0.1636373469
0.1640623474
0.1644880149
0.1649143481
0.1653413454
0.1657690055
0.1661973268
0.1666263078
0.1670559470
0.1674862428
0.1679171937
0.1683487982
0.1687810546
0.1692139614
0.1696475170
0.1700817197
0.1705165679
0.1709520601
0.1713881944
0.1718249693
0.1722623831
0.1727004341
0.1731391205
0.1735784408
0.1740183930
0.1744589756
0.1749001867
0.1753420247
0.1757844876
0.1762275737
0.1766712813
0.1771156086
0.1775605536
0.1780061146
0.1784522898
0.1788990773
0.1793464752
0.1797944818
0.1802430950
0.1806923130
0.1811421340
0.1815925559
0.1820435770
0.1824951953
0.1829474088
0.1834002156
0.1838536138
0.1843076013
0.1847621764
0.1852173369
0.1856730809
0.1861294064
0.1865863114
0.1870437939
0.1875018520
0.1879604835
0.1884196865
0.1888794590
0.1893397988
0.1898007040
0.1902621726
0.1907242024
0.1911867915
0.1916499377
0.1921136390
0.1925778933
0.1930426986
0.1935080527
0.1939739536
0.1944403992
0.1949073874
0.1953749161
0.1958429831
0.1963115865
0.1967807241
0.1972503937
0.1977205934
0.1981913208
0.1986625740
0.1991343508
0.1996066491
0.2000794667
0.2005528016
0.2010266516
0.2015010146
0.2019758884
0.2024512710
0.2029271601
0.2034035536
0.2038804495
0.2043578456
0.2048357397
0.2053141298
0.2057930136
0.2062723890
0.2067522540
0.2072326064
0.2077134440
0.2081947647
0.2086765664
0.2091588470
0.2096416044
0.2101248363
0.2106085408
0.2110927156
0.2115773587
0.2120624679
0.2125480412
0.2130340764
0.2135205714
0.2140075241
0.2144949325
0.2149827943
0.2154711076
0.2159598703
0.2164490802
0.2169387352
0.2174288334
0.2179193726
0.2184103508
0.2189017659
0.2193936158
0.2198858985
0.2203786120
0.2208717542
0.2213653230
0.2218593165
0.2223537326
0.2228485693
0.2233438246
0.2238394965
0.2243355830
0.2248320821
0.2253289918
0.2258263102
0.2263240352
0.2268221649
0.2273206973
0.2278196306
0.2283189626
0.2288186917
0.2293188157
0.2298193328
0.2303202410
0.2308215385
0.2313232234
0.2318252938
0.2323277478
0.2328305835
0.2333337991
0.2338373927
0.2343413626
0.2348457068
0.2353504235
0.2358555110
0.2363609673
0.2368667908
0.2373729797
0.2378795321
0.2383864463
0.2388937205
0.2394013531
0.2399093422
0.2404176861
0.2409263832
0.2414354317
0.2419448299
0.2424545762
0.2429646688
0.2434751061
0.2439858865
0.2444970083
0.2450084699
0.2455202697
0.2460324060
0.2465448773
0.2470576819
0.2475708184
0.2480842851
0.2485980805
0.2491122030
0.2496266512
0.2501414235
0.2506565183
0.2511719343
0.2516876699
0.2522037236
0.2527200940
0.2532367797
0.2537537792
0.2542710910
0.2547887139
0.2553066463
0.2558248869
0.2563434343
0.2568622871
0.2573814441
0.2579009038
0.2584206649
0.2589407262
0.2594610862
0.2599817438
0.2605026976
0.2610239464
0.2615454889
0.2620673239
0.2625894501
0.2631118664
0.2636345714
0.2641575641
0.2646808433
0.2652044077
0.2657282563
0.2662523878
0.2667768012
0.2673014952
0.2678264689
0.2683517212
0.2688772508
0.2694030568
0.2699291382
0.2704554937
0.2709821225
0.2715090235
0.2720361957
0.2725636380
0.2730913496
0.2736193293
0.2741475764
0.2746760897
0.2752048684
0.2757339115
0.2762632182
0.2767927875
0.2773226185
0.2778527103
0.2783830621
0.2789136731
0.2794445422
0.2799756689
0.2805070521
0.2810386912
0.2815705852
0.2821027334
0.2826351351
0.2831677895
0.2837006957
0.2842338531
0.2847672609
0.2853009185
0.2858348250
0.2863689799
0.2869033823
0.2874380317
0.2879729273
0.2885080686
0.2890434548
0.2895790853
0.2901149595
0.2906510767
0.2911874365
0.2917240381
0.2922608810
0.2927979647
0.2933352884
0.2938728518
0.2944106542
0.2949486952
0.2954869741
0.2960254905
0.2965642439
0.2971032338
0.2976424597
0.2981819210
0.2987216174
0.2992615484
0.2998017135
0.3003421124
0.3008827445
0.3014236094
0.3019647067
0.3025060361
0.3030475971
0.3035893894
0.3041314125
0.3046736661
0.3052161498
0.3057588633
0.3063018062
0.3068449783
0.3073883791
0.3079320083
0.3084758657
0.3090199508
0.3095642636
0.3101088035
0.3106535704
0.3111985640
0.3117437840
0.3122892302
0.3128349022
0.3133807999
0.3139269231
0.3144732714
0.3150198446
0.3155666427
0.3161136652
0.3166609121
0.3172083831
0.3177560781
0.3183039968
0.3188521391
0.3194005048
0.3199490938
0.3204979058
0.3210469408
0.3215961985
0.3221456789
0.3226953818
0.3232453071
0.3237954546
0.3243458243
0.3248964160
0.3254472296
0.3259982651
0.3265495222
0.3271010010
0.3276527013
0.3282046231
0.3287567663
0.3293091308
0.3298617165
0.3304145235
0.3309675515
0.3315208007
0.3320742709
0.3326279620
0.3331818742
0.3337360072
0.3342903612
0.3348449360
0.3353997316
0.3359547481
0.3365099854
0.3370654436
0.3376211225
0.3381770222
0.3387331427
0.3392894841
0.3398460463
0.3404028293
0.3409598331
0.3415170579
0.3420745036
0.3426321702
0.3431900577
0.3437481663
0.3443064959
0.3448650466
0.3454238184
0.3459828113
0.3465420256
0.3471014610
0.3476611179
0.3482209961
0.3487810958
0.3493414170
0.3499019598
0.3504627242
0.3510237104
0.3515849184
0.3521463483
0.3527080002
0.3532698741
0.3538319702
0.3543942885
0.3549568292
0.3555195922
0.3560825778
0.3566457860
0.3572092169
0.3577728706
0.3583367473
0.3589008469
0.3594651697
0.3600297158
0.3605944852
0.3611594780
0.3617246945
0.3622901347
0.3628557987
0.3634216867
0.3639877987
0.3645541350
0.3651206955
0.3656874806
0.3662544902
0.3668217246
0.3673891838
0.3679568680
0.3685247774
0.3690929120
0.3696612720
0.3702298576
0.3707986690
0.3713677061
0.3719369693
0.3725064586
0.3730761742
0.3736461162
0.3742162849
0.3747866803
0.3753573026
0.3759281520
0.3764992287
0.3770705327
0.3776420642
0.3782138235
0.3787858107
0.3793580259
0.3799304693
0.3805031411
0.3810760415
0.3816491705
0.3822225285
0.3827961155
0.3833699318
0.3839439775
0.3845182528
0.3850927578
0.3856674928
0.3862424580
0.3868176534
0.3873930794
0.3879687360
0.3885446235
0.3891207421
0.3896970919
0.3902736731
0.3908504859
0.3914275306
0.3920048072
0.3925823161
0.3931600574
0.3937380312
0.3943162378
0.3948946774
0.3954733502
0.3960522564
0.3966313962
0.3972107698
0.3977903773
0.3983702191
0.3989502952
0.3995306060
0.4001111516
0.4006919322
0.4012729481
0.4018541994
0.4024356864
0.4030174093
0.4035993683
0.4041815636
0.4047639954
0.4053466640
0.4059295696
0.4065127123
0.4070960925
0.4076797103
0.4082635660
0.4088476598
0.4094319919
0.4100165625
0.4106013720
0.4111864204
0.4117717081
0.4123572353
0.4129430021
0.4135290090
0.4141152560
0.4147017434
0.4152884715
0.4158754405
0.4164626506
0.4170501022
0.4176377953
0.4182257304
0.4188139075
0.4194023271
0.4199909893
0.4205798943
0.4211690425
0.4217584340
0.4223480692
0.4229379482
0.4235280714
0.4241184391
0.4247090513
0.4252999085
0.4258910109
0.4264823587
0.4270739523
0.4276657918
0.4282578775
0.4288502098
0.4294427888
0.4300356149
0.4306286884
0.4312220094
0.4318155783
0.4324093953
0.4330034607
0.4335977749
0.4341923380
0.4347871504
0.4353822124
0.4359775241
0.4365730860
0.4371688983
0.4377649612
0.4383612752
0.4389578403
0.4395546571
0.4401517256
0.4407490463
0.4413466195
0.4419444453
0.4425425242
0.4431408564
0.4437394422
0.4443382820
0.4449373759
0.4455367244
0.4461363277
0.4467361862
0.4473363000
0.4479366697
0.4485372954
0.4491381774
0.4497393162
0.4503407119
0.4509423649
0.4515442756
0.4521464441
0.4527488710
0.4533515564
0.4539545007
0.4545577042
0.4551611672
0.4557648902
0.4563688732
0.4569731168
0.4575776213
0.4581823869
0.4587874139
0.4593927028
0.4599982539
0.4606040674
0.4612101438
0.4618164833
0.4624230863
0.4630299532
0.4636370841
0.4642444796
0.4648521400
0.4654600655
0.4660682565
0.4666767134
0.4672854366
0.4678944262
0.4685036828
0.4691132067
0.4697229981
0.4703330575
0.4709433852
0.4715539815
0.4721648469
0.4727759816
0.4733873860
0.4739990604
0.4746110054
0.4752232210
0.4758357079
0.4764484662
0.4770614964
0.4776747988
0.4782883738
0.4789022218
0.4795163430
0.4801307379
0.4807454069
0.4813603503
0.4819755685
0.4825910618
0.4832068307
0.4838228754
0.4844391964
0.4850557940
0.4856726686
0.4862898206
0.4869072504
0.4875249583
0.4881429447
0.4887612100
0.4893797546
0.4899985788
0.4906176831
0.4912370677
0.4918567332
0.4924766798
0.4930969080
0.4937174181
0.4943382106
0.4949592858
0.4955806441
0.4962022859
0.4968242116
0.4974464215
0.4980689162
0.4986916958
0.4993147610
0.4999381120
0.5005617492
0.5011856731
0.5018098840
0.5024343823
0.5030591685
0.5036842428
0.5043096059
0.5049352579
0.5055611994
0.5061874307
0.5068139523
0.5074407645
0.5080678677
0.5086952624
0.5093229490
0.5099509278
0.5105791993
0.5112077639
0.5118366221
0.5124657741
0.5130952204
0.5137249615
0.5143549977
0.5149853295
0.5156159573
0.5162468815
0.5168781025
0.5175096208
0.5181414367
0.5187735507
0.5194059632
0.5200386746
0.5206716854
0.5213049959
0.5219386067
0.5225725180
0.5232067305
0.5238412444
0.5244760603
0.5251111785
0.5257465994
0.5263823236
0.5270183515
0.5276546834
0.5282913198
0.5289282613
0.5295655081
0.5302030607
0.5308409196
0.5314790853
0.5321175581
0.5327563385
0.5333954270
0.5340348240
0.5346745299
0.5353145453
0.5359548704
0.5365955059
0.5372364522
0.5378777096
0.5385192788
0.5391611600
0.5398033538
0.5404458607
0.5410886810
0.5417318153
0.5423752641
0.5430190277
0.5436631067
0.5443075015
0.5449522126
0.5455972404
0.5462425855
0.5468882483
0.5475342292
0.5481805288
0.5488271476
0.5494740859
0.5501213443
0.5507689233
0.5514168233
0.5520650449
0.5527135884
0.5533624545
0.5540116436
0.5546611561
0.5553109926
0.5559611536
0.5566116395
0.5572624509
0.5579135882
0.5585650519
0.5592168426
0.5598689608
0.5605214069
0.5611741814
0.5618272849
0.5624807179
0.5631344808
0.5637885742
0.5644429986
0.5650977545
0.5657528425
0.5664082630
0.5670640165
0.5677201036
0.5683765248
0.5690332806
0.5696903716
0.5703477982
0.5710055611
0.5716636606
0.5723220974
0.5729808720
0.5736399849
0.5742994367
0.5749592278
0.5756193589
0.5762798304
0.5769406430
0.5776017971
0.5782632932
0.5789251320
0.5795873140
0.5802498397
0.5809127097
0.5815759246
0.5822394848
0.5829033909
0.5835676435
0.5842322432
0.5848971904
0.5855624858
0.5862281300
0.5868941234
0.5875604666
0.5882271603
0.5888942049
0.5895616010
0.5902293493
0.5908974502
0.5915659044
0.5922347123
0.5929038747
0.5935733920
0.5942432648
0.5949134937
0.5955840793
0.5962550221
0.5969263228
0.5975979819
0.5982699999
0.5989423775
0.5996151153
0.6002882138
0.6009616736
0.6016354952
0.6023096794
0.6029842266
0.6036591374
0.6043344125
0.6050100523
0.6056860576
0.6063624288
0.6070391665
0.6077162715
0.6083937441
0.6090715851
0.6097497949
0.6104283743
0.6111073237
0.6117866438
0.6124663351
0.6131463983
0.6138268338
0.6145076424
0.6151888246
0.6158703809
0.6165523119
0.6172346183
0.6179173006
0.6186003594
0.6192837953
0.6199676089
0.6206518006
0.6213363712
0.6220213212
0.6227066511
0.6233923616
0.6240784531
0.6247649264
0.6254517819
0.6261390202
0.6268266419
0.6275146475
0.6282030377
0.6288918129
0.6295809738
0.6302705208
0.6309604546
0.6316507757
0.6323414846
0.6330325819
0.6337240682
0.6344159439
0.6351082097
0.6358008660
0.6364939135
0.6371873525
0.6378811837
0.6385754076
0.6392700247
0.6399650355
0.6406604405
0.6413562403
0.6420524353
0.6427490261
0.6434460131
0.6441433969
0.6448411779
0.6455393567
0.6462379337
0.6469369093
0.6476362842
0.6483360586
0.6490362332
0.6497368084
0.6504377845
0.6511391621
0.6518409416
0.6525431235
0.6532457082
0.6539486960
0.6546520875
0.6553558830
0.6560600830
0.6567646879
0.6574696980
0.6581751137
0.6588809355
0.6595871637
0.6602937987
0.6610008409
0.6617082905
0.6624161480
0.6631244137
0.6638330880
0.6645421711
0.6652516634
0.6659615652
0.6666718768
0.6673825985
0.6680937306
0.6688052734
0.6695172271
0.6702295920
0.6709423684
0.6716555566
0.6723691566
0.6730831689
0.6737975935
0.6745124308
0.6752276808
0.6759433439
0.6766594201
0.6773759097
0.6780928129
0.6788101297
0.6795278603
0.6802460048
0.6809645634
0.6816835362
0.6824029233
0.6831227247
0.6838429405
0.6845635709
0.6852846158
0.6860060753
0.6867279495
0.6874502383
0.6881729418
0.6888960599
0.6896195927
0.6903435402
0.6910679022
0.6917926787
0.6925178697
0.6932434751
0.6939694948
0.6946959287
0.6954227767
0.6961500386
0.6968777143
0.6976058038
0.6983343066
0.6990632228
0.6997925522
0.7005222944
0.7012524493
0.7019830166
0.7027139962
0.7034453876
0.7041771907
0.7049094052
0.7056420307
0.7063750669
0.7071085135
0.7078423702
0.7085766364
0.7093113120
0.7100463965
0.7107818894
0.7115177903
0.7122540989
0.7129908146
0.7137279369
0.7144654654
0.7152033996
0.7159417389
0.7166804828
0.7174196308
0.7181591822
0.7188991366
0.7196394932
0.7203802515
0.7211214108
0.7218629705
0.7226049299
0.7233472884
0.7240900452
0.7248331996
0.7255767509
0.7263206983
0.7270650410
0.7278097784
0.7285549095
0.7293004336
0.7300463498
0.7307926572
0.7315393551
0.7322864424
0.7330339184
0.7337817821
0.7345300325
0.7352786687
0.7360276897
0.7367770946
0.7375268823
0.7382770517
0.7390276020
0.7397785319
0.7405298405
0.7412815266
0.7420335891
0.7427860269
0.7435388389
0.7442920238
0.7450455806
0.7457995079
0.7465538047
0.7473084696
0.7480635015
0.7488188990
0.7495746609
0.7503307858
0.7510872725
0.7518441196
0.7526013258
0.7533588897
0.7541168099
0.7548750850
0.7556337136
0.7563926943
0.7571520256
0.7579117060
0.7586717341
0.7594321084
0.7601928273
0.7609538893
0.7617152929
0.7624770365
0.7632391184
0.7640015372
0.7647642912
0.7655273788
0.7662907983
0.7670545481
0.7678186264
0.7685830316
0.7693477621
0.7701128160
0.7708781916
0.7716438873
0.7724099011
0.7731762313
0.7739428762
0.7747098340
0.7754771027
0.7762446806
0.7770125658
0.7777807564
0.7785492506
0.7793180465
0.7800871421
0.7808565356
0.7816262250
0.7823962083
0.7831664837
0.7839370491
0.7847079025
0.7854790419
0.7862504655
0.7870221710
0.7877941565
0.7885664199
0.7893389593
0.7901117725
0.7908848574
0.7916582119
0.7924318341
0.7932057216
0.7939798725
0.7947542846
0.7955289558
0.7963038839
0.7970790667
0.7978545021
0.7986301880
0.7994061221
0.8001823022
0.8009587261
0.8017353917
0.8025122966
0.8032894388
0.8040668159
0.8048444257
0.8056222660
0.8064003345
0.8071786290
0.8079571471
0.8087358867
0.8095148454
0.8102940210
0.8110734112
0.8118530137
0.8126328261
0.8134128463
0.8141930718
0.8149735004
0.8157541298
0.8165349576
0.8173159816
0.8180971994
0.8188786086
0.8196602071
0.8204419924
0.8212239622
0.8220061141
0.8227884459
0.8235709553
0.8243536398
0.8251364971
0.8259195250
0.8267027211
0.8274860830
0.8282696084
0.8290532950
0.8298371405
0.8306211425
0.8314052987
0.8321896068
0.8329740644
0.8337586693
0.8345434191
0.8353283116
0.8361133443
0.8368985151
0.8376838215
0.8384692614
0.8392548324
0.8400405322
0.8408263586
0.8416123092
0.8423983819
0.8431845743
0.8439708842
0.8447573093
0.8455438475
0.8463304964
0.8471172538
0.8479041176
0.8486910855
0.8494781552
0.8502653247
0.8510525917
0.8518399541
0.8526274097
0.8534149562
0.8542025917
0.8549903139
0.8557781207
0.8565660100
0.8573539798
0.8581420278
0.8589301521
0.8597183505
0.8605066210
0.8612949616
0.8620833702
0.8628718449
0.8636603835
0.8644489842
0.8652376449
0.8660263636
0.8668151385
0.8676039676
0.8683928489
0.8691817806
0.8699707608
0.8707597875
0.8715488590
0.8723379734
0.8731271288
0.8739163235
0.8747055557
0.8754948235
0.8762841252
0.8770734591
0.8778628235
0.8786522165
0.8794416366
0.8802310821
0.8810205513
0.8818100425
0.8825995542
0.8833890848
0.8841786326
0.8849681961
0.8857577737
0.8865473640
0.8873369654
0.8881265765
0.8889161957
0.8897058217
0.8904954529
0.8912850881
0.8920747257
0.8928643645
0.8936540031
0.8944436402
0.8952332744
0.8960229046
0.8968125293
0.8976021475
0.8983917578
0.8991813591
0.8999709502
0.9007605299
0.9015500971
0.9023396508
0.9031291898
0.9039187130
0.9047082194
0.9054977080
0.9062871777
0.9070766277
0.9078660569
0.9086554644
0.9094448494
0.9102342108
0.9110235479
0.9118128598
0.9126021457
0.9133914048
0.9141806363
0.9149698394
0.9157590135
0.9165481578
0.9173372716
0.9181263543
0.9189154053
0.9197044238
0.9204934094
0.9212823614
0.9220712793
0.9228601626
0.9236490107
0.9244378232
0.9252265997
0.9260153396
0.9268040426
0.9275927083
0.9283813362
0.9291699262
0.9299584777
0.9307469906
0.9315354645
0.9323238992
0.9331122944
0.9339006499
0.9346889656
0.9354772412
0.9362654765
0.9370536716
0.9378418261
0.9386299402
0.9394180135
0.9402060463
0.9409940383
0.9417819896
0.9425699002
0.9433577701
0.9441455994
0.9449333881
0.9457211364
0.9465088443
0.9472965120
0.9480841396
0.9488717273
0.9496592752
0.9504467836
0.9512342527
0.9520216827
0.9528090739
0.9535964266
0.9543837410
0.9551710175
0.9559582563
0.9567454579
0.9575326226
0.9583197507
0.9591068427
0.9598938989
0.9606809198
0.9614679058
0.9622548574
0.9630417751
0.9638286592
0.9646155104
0.9654023291
0.9661891159
0.9669758713
0.9677625958
0.9685492900
0.9693359545
0.9701225899
0.9709091968
0.9716957758
0.9724823274
0.9732688525
0.9740553516
0.9748418253
0.9756282743
0.9764146994
0.9772011012
0.9779874804
0.9787738377
0.9795601738
0.9803464895
0.9811327855
0.9819190625
0.9827053212
0.9834915626
0.9842777872
0.9850639959
0.9858501895
0.9866363687
0.9874225343
0.9882086871
0.9889948280
0.9897809577
0.9905670770
0.9913531868
0.9921392879
0.9929253810
0.9937114670
0.9944975468
0.9952836212
0.9960696909
0.9968557569
0.9976418200
0.9984278810
0.9992139407
1.0000000000
