0.0000154415
0.0000308834
0.0000463265
0.0000617716
0.0000772196
0.0000926712
0.0001081272
0.0001235885
0.0001390558
0.0001545300
0.0001700118
0.0001855021
0.0002010017
0.0002165114
0.0002320319
0.0002475641
0.0002631088
0.0002786667
0.0002942388
0.0003098257
0.0003254283
0.0003410473
0.0003566836
0.0003723380
0.0003880112
0.0004037040
0.0004194173
0.0004351517
0.0004509082
0.0004666874
0.0004824903
0.0004983174
0.0005141697
0.0005300479
0.0005459527
0.0005618850
0.0005778455
0.0005938350
0.0006098543
0.0006259041
0.0006419851
0.0006580982
0.0006742441
0.0006904236
0.0007066374
0.0007228862
0.0007391708
0.0007554920
0.0007718505
0.0007882470
0.0008046822
0.0008211570
0.0008376720
0.0008542280
0.0008708257
0.0008874658
0.0009041490
0.0009208760
0.0009376476
0.0009544645
0.0009713274
0.0009882369
0.0010051938
0.0010221988
0.0010392525
0.0010563557
0.0010735091
0.0010907132
0.0011079689
0.0011252767
0.0011426374
0.0011600516
0.0011775199
0.0011950431
0.0012126218
0.0012302566
0.0012479482
0.0012656972
0.0012835043
0.0013013700
0.0013192951
0.0013372802
0.0013553258
0.0013734327
0.0013916013
0.0014098324
0.0014281265
0.0014464841
0.0014649060
0.0014833928
0.0015019448
0.0015205629
0.0015392475
0.0015579993
0.0015768187
0.0015957063
0.0016146628
0.0016336886
0.0016527843
0.0016719505
0.0016911876
0.0017104963
0.0017298770
0.0017493303
0.0017688566
0.0017884566
0.0018081306
0.0018278793
0.0018477030
0.0018676024
0.0018875778
0.0019076298
0.0019277588
0.0019479653
0.0019682498
0.0019886127
0.0020090545
0.0020295756
0.0020501765
0.0020708576
0.0020916193
0.0021124621
0.0021333864
0.0021543926
0.0021754811
0.0021966524
0.0022179067
0.0022392446
0.0022606664
0.0022821724
0.0023037631
0.0023254389
0.0023472000
0.0023690468
0.0023909798
0.0024129992
0.0024351054
0.0024572988
0.0024795796
0.0025019481
0.0025244048
0.0025469499
0.0025695837
0.0025923065
0.0026151187
0.0026380204
0.0026610120
0.0026840938
0.0027072661
0.0027305290
0.0027538829
0.0027773280
0.0028008646
0.0028244929
0.0028482131
0.0028720255
0.0028959303
0.0029199278
0.0029440180
0.0029682013
0.0029924779
0.0030168479
0.0030413115
0.0030658689
0.0030905203
0.0031152659
0.0031401058
0.0031650401
0.0031900692
0.0032151930
0.0032404118
0.0032657256
0.0032911347
0.0033166390
0.0033422389
0.0033679343
0.0033937254
0.0034196122
0.0034455950
0.0034716737
0.0034978485
0.0035241194
0.0035504865
0.0035769499
0.0036035097
0.0036301658
0.0036569185
0.0036837676
0.0037107133
0.0037377556
0.0037648945
0.0037921301
0.0038194623
0.0038468912
0.0038744168
0.0039020391
0.0039297581
0.0039575738
0.0039854862
0.0040134952
0.0040416009
0.0040698032
0.0040981021
0.0041264975
0.0041549895
0.0041835779
0.0042122628
0.0042410440
0.0042699215
0.0042988952
0.0043279651
0.0043571311
0.0043863931
0.0044157510
0.0044452047
0.0044747542
0.0045043993
0.0045341400
0.0045639761
0.0045939075
0.0046239342
0.0046540559
0.0046842725
0.0047145840
0.0047449902
0.0047754909
0.0048060861
0.0048367756
0.0048675591
0.0048984366
0.0049294080
0.0049604730
0.0049916314
0.0050228832
0.0050542281
0.0050856660
0.0051171967
0.0051488200
0.0051805357
0.0052123436
0.0052442436
0.0052762353
0.0053083188
0.0053404936
0.0053727597
0.0054051167
0.0054375646
0.0054701030
0.0055027318
0.0055354507
0.0055682596
0.0056011581
0.0056341461
0.0056672233
0.0057003894
0.0057336443
0.0057669878
0.0058004194
0.0058339391
0.0058675465
0.0059012415
0.0059350236
0.0059688928
0.0060028488
0.0060368912
0.0060710198
0.0061052344
0.0061395347
0.0061739204
0.0062083912
0.0062429470
0.0062775873
0.0063123120
0.0063471208
0.0063820133
0.0064169893
0.0064520486
0.0064871908
0.0065224157
0.0065577229
0.0065931123
0.0066285834
0.0066641361
0.0066997701
0.0067354849
0.0067712805
0.0068071564
0.0068431124
0.0068791482
0.0069152636
0.0069514581
0.0069877316
0.0070240836
0.0070605141
0.0070970226
0.0071336088
0.0071702726
0.0072070135
0.0072438313
0.0072807257
0.0073176964
0.0073547431
0.0073918656
0.0074290635
0.0074663365
0.0075036844
0.0075411070
0.0075786038
0.0076161746
0.0076538191
0.0076915371
0.0077293282
0.0077671923
0.0078051289
0.0078431378
0.0078812188
0.0079193716
0.0079575959
0.0079958914
0.0080342579
0.0080726950
0.0081112026
0.0081497804
0.0081884280
0.0082271453
0.0082659319
0.0083047877
0.0083437123
0.0083827056
0.0084217672
0.0084608969
0.0085000946
0.0085393598
0.0085786924
0.0086180922
0.0086575589
0.0086970924
0.0087366922
0.0087763583
0.0088160905
0.0088558884
0.0088957519
0.0089356808
0.0089756748
0.0090157338
0.0090558575
0.0090960458
0.0091362985
0.0091766153
0.0092169961
0.0092574407
0.0092979489
0.0093385205
0.0093791554
0.0094198535
0.0094606144
0.0095014381
0.0095423244
0.0095832732
0.0096242844
0.0096653577
0.0097064930
0.0097476902
0.0097889493
0.0098302699
0.0098716521
0.0099130957
0.0099546007
0.0099961668
0.0100377940
0.0100794822
0.0101212314
0.0101630414
0.0102049121
0.0102468435
0.0102888355
0.0103308881
0.0103730011
0.0104151746
0.0104574084
0.0104997026
0.0105420571
0.0105844719
0.0106269469
0.0106694822
0.0107120777
0.0107547334
0.0107974493
0.0108402254
0.0108830617
0.0109259583
0.0109689152
0.0110119323
0.0110550098
0.0110981476
0.0111413459
0.0111846046
0.0112279239
0.0112713038
0.0113147444
0.0113582457
0.0114018078
0.0114454309
0.0114891151
0.0115328603
0.0115766669
0.0116205348
0.0116644642
0.0117084553
0.0117525082
0.0117966230
0.0118407998
0.0118850390
0.0119293405
0.0119737047
0.0120181316
0.0120626216
0.0121071747
0.0121517911
0.0121964712
0.0122412151
0.0122860230
0.0123308952
0.0123758319
0.0124208334
0.0124658999
0.0125110317
0.0125562291
0.0126014924
0.0126468217
0.0126922175
0.0127376801
0.0127832097
0.0128288067
0.0128744713
0.0129202040
0.0129660051
0.0130118749
0.0130578137
0.0131038221
0.0131499002
0.0131960486
0.0132422675
0.0132885574
0.0133349188
0.0133813520
0.0134278573
0.0134744354
0.0135210866
0.0135678113
0.0136146100
0.0136614832
0.0137084314
0.0137554549
0.0138025544
0.0138497303
0.0138969831
0.0139443133
0.0139917214
0.0140392080
0.0140867736
0.0141344188
0.0141821440
0.0142299500
0.0142778371
0.0143258061
0.0143738574
0.0144219918
0.0144702097
0.0145185119
0.0145668988
0.0146153713
0.0146639298
0.0147125750
0.0147613076
0.0148101283
0.0148590377
0.0149080364
0.0149571252
0.0150063049
0.0150555759
0.0151049392
0.0151543953
0.0152039451
0.0152535893
0.0153033285
0.0153531636
0.0154030954
0.0154531245
0.0155032518
0.0155534780
0.0156038039
0.0156542304
0.0157047583
0.0157553883
0.0158061213
0.0158569582
0.0159078997
0.0159589467
0.0160101001
0.0160613607
0.0161127295
0.0161642072
0.0162157949
0.0162674933
0.0163193035
0.0163712262
0.0164232625
0.0164754132
0.0165276793
0.0165800618
0.0166325616
0.0166851796
0.0167379168
0.0167907743
0.0168437530
0.0168968538
0.0169500778
0.0170034261
0.0170568995
0.0171104991
0.0171642261
0.0172180813
0.0172720659
0.0173261809
0.0173804273
0.0174348063
0.0174893189
0.0175439662
0.0175987493
0.0176536692
0.0177087272
0.0177639242
0.0178192615
0.0178747401
0.0179303612
0.0179861259
0.0180420354
0.0180980909
0.0181542934
0.0182106442
0.0182671444
0.0183237953
0.0183805980
0.0184375536
0.0184946635
0.0185519289
0.0186093509
0.0186669307
0.0187246697
0.0187825690
0.0188406298
0.0188988535
0.0189572414
0.0190157945
0.0190745143
0.0191334020
0.0191924588
0.0192516862
0.0193110853
0.0193706575
0.0194304040
0.0194903263
0.0195504256
0.0196107031
0.0196711604
0.0197317987
0.0197926193
0.0198536236
0.0199148129
0.0199761887
0.0200377523
0.0200995049
0.0201614482
0.0202235833
0.0202859117
0.0203484348
0.0204111540
0.0204740707
0.0205371862
0.0206005021
0.0206640197
0.0207277405
0.0207916659
0.0208557973
0.0209201361
0.0209846838
0.0210494419
0.0211144118
0.0211795950
0.0212449929
0.0213106070
0.0213764387
0.0214424896
0.0215087612
0.0215752548
0.0216419720
0.0217089144
0.0217760833
0.0218434803
0.0219111069
0.0219789646
0.0220470550
0.0221153795
0.0221839396
0.0222527370
0.0223217731
0.0223910494
0.0224605675
0.0225303290
0.0226003353
0.0226705881
0.0227410888
0.0228118391
0.0228828405
0.0229540945
0.0230256027
0.0230973667
0.0231693881
0.0232416684
0.0233142092
0.0233870121
0.0234600786
0.0235334104
0.0236070091
0.0236808762
0.0237550133
0.0238294220
0.0239041040
0.0239790608
0.0240542940
0.0241298052
0.0242055961
0.0242816683
0.0243580233
0.0244346627
0.0245115883
0.0245888016
0.0246663043
0.0247440979
0.0248221841
0.0249005645
0.0249792407
0.0250582145
0.0251374873
0.0252170609
0.0252969368
0.0253771168
0.0254576025
0.0255383954
0.0256194972
0.0257009097
0.0257826344
0.0258646729
0.0259470270
0.0260296982
0.0261126882
0.0261959987
0.0262796314
0.0263635878
0.0264478696
0.0265324785
0.0266174161
0.0267026841
0.0267882842
0.0268742179
0.0269604870
0.0270470932
0.0271340380
0.0272213232
0.0273089503
0.0273969211
0.0274852373
0.0275739004
0.0276629121
0.0277522742
0.0278419882
0.0279320559
0.0280224788
0.0281132587
0.0282043973
0.0282958961
0.0283877568
0.0284799812
0.0285725708
0.0286655274
0.0287588525
0.0288525479
0.0289466153
0.0290410562
0.0291358724
0.0292310654
0.0293266371
0.0294225890
0.0295189227
0.0296156400
0.0297127426
0.0298102320
0.0299081099
0.0300063780
0.0301050379
0.0302040914
0.0303035400
0.0304033854
0.0305036293
0.0306042733
0.0307053191
0.0308067683
0.0309086226
0.0310108837
0.0311135531
0.0312166326
0.0313201237
0.0314240282
0.0315283476
0.0316330837
0.0317382380
0.0318438123
0.0319498081
0.0320562271
0.0321630710
0.0322703414
0.0323780398
0.0324861681
0.0325947277
0.0327037204
0.0328131477
0.0329230114
0.0330333129
0.0331440541
0.0332552364
0.0333668616
0.0334789313
0.0335914470
0.0337044104
0.0338178232
0.0339316869
0.0340460032
0.0341607738
0.0342760001
0.0343916839
0.0345078267
0.0346244303
0.0347414961
0.0348590258
0.0349770211
0.0350954834
0.0352144146
0.0353338160
0.0354536894
0.0355740364
0.0356948586
0.0358161575
0.0359379348
0.0360601921
0.0361829309
0.0363061530
0.0364298598
0.0365540529
0.0366787340
0.0368039047
0.0369295666
0.0370557211
0.0371823700
0.0373095149
0.0374371572
0.0375652986
0.0376939407
0.0378230850
0.0379527332
0.0380828868
0.0382135474
0.0383447166
0.0384763960
0.0386085871
0.0387412915
0.0388745107
0.0390082465
0.0391425002
0.0392772736
0.0394125681
0.0395483853
0.0396847268
0.0398215942
0.0399589891
0.0400969129
0.0402353672
0.0403743537
0.0405138739
0.0406539292
0.0407945214
0.0409356519
0.0410773223
0.0412195341
0.0413622890
0.0415055884
0.0416494339
0.0417938270
0.0419387694
0.0420842625
0.0422303079
0.0423769071
0.0425240617
0.0426717732
0.0428200432
0.0429688732
0.0431182648
0.0432682194
0.0434187387
0.0435698241
0.0437214772
0.0438736995
0.0440264926
0.0441798579
0.0443337971
0.0444883117
0.0446434031
0.0447990729
0.0449553227
0.0451121539
0.0452695681
0.0454275668
0.0455861515
0.0457453238
0.0459050851
0.0460654370
0.0462263811
0.0463879187
0.0465500515
0.0467127810
0.0468761086
0.0470400359
0.0472045644
0.0473696955
0.0475354309
0.0477017720
0.0478687204
0.0480362774
0.0482044447
0.0483732237
0.0485426160
0.0487126230
0.0488832462
0.0490544871
0.0492263473
0.0493988282
0.0495719314
0.0497456582
0.0499200102
0.0500949890
0.0502705959
0.0504468325
0.0506237002
0.0508012006
0.0509793350
0.0511581051
0.0513375123
0.0515175580
0.0516982437
0.0518795710
0.0520615412
0.0522441559
0.0524274164
0.0526113244
0.0527958812
0.0529810883
0.0531669472
0.0533534593
0.0535406262
0.0537284491
0.0539169297
0.0541060692
0.0542958693
0.0544863314
0.0546774568
0.0548692470
0.0550617035
0.0552548277
0.0554486211
0.0556430850
0.0558382209
0.0560340302
0.0562305144
0.0564276748
0.0566255130
0.0568240302
0.0570232279
0.0572231076
0.0574236706
0.0576249183
0.0578268522
0.0580294735
0.0582327838
0.0584367844
0.0586414767
0.0588468621
0.0590529419
0.0592597176
0.0594671904
0.0596753618
0.0598842332
0.0600938058
0.0603040811
0.0605150603
0.0607267449
0.0609391362
0.0611522355
0.0613660442
0.0615805635
0.0617957949
0.0620117395
0.0622283988
0.0624457740
0.0626638665
0.0628826775
0.0631022084
0.0633224603
0.0635434347
0.0637651328
0.0639875558
0.0642107050
0.0644345817
0.0646591871
0.0648845225
0.0651105891
0.0653373882
0.0655649209
0.0657931886
0.0660221923
0.0662519334
0.0664824129
0.0667136322
0.0669455924
0.0671782947
0.0674117402
0.0676459301
0.0678808656
0.0681165478
0.0683529779
0.0685901569
0.0688280861
0.0690667665
0.0693061993
0.0695463854
0.0697873262
0.0700290225
0.0702714756
0.0705146864
0.0707586560
0.0710033855
0.0712488759
0.0714951282
0.0717421434
0.0719899226
0.0722384668
0.0724877769
0.0727378539
0.0729886989
0.0732403126
0.0734926962
0.0737458506
0.0739997765
0.0742544751
0.0745099472
0.0747661936
0.0750232153
0.0752810132
0.0755395881
0.0757989408
0.0760590722
0.0763199831
0.0765816743
0.0768441466
0.0771074009
0.0773714379
0.0776362583
0.0779018629
0.0781682525
0.0784354277
0.0787033894
0.0789721381
0.0792416746
0.0795119996
0.0797831136
0.0800550174
0.0803277116
0.0806011968
0.0808754736
0.0811505426
0.0814264044
0.0817030595
0.0819805086
0.0822587520
0.0825377904
0.0828176242
0.0830982539
0.0833796801
0.0836619031
0.0839449235
0.0842287415
0.0845133577
0.0847987725
0.0850849862
0.0853719992
0.0856598118
0.0859484244
0.0862378373
0.0865280508
0.0868190652
0.0871108807
0.0874034976
0.0876969162
0.0879911366
0.0882861591
0.0885819838
0.0888786110
0.0891760407
0.0894742731
0.0897733083
0.0900731465
0.0903737876
0.0906752319
0.0909774792
0.0912805297
0.0915843834
0.0918890402
0.0921945001
0.0925007632
0.0928078293
0.0931156983
0.0934243702
0.0937338449
0.0940441222
0.0943552019
0.0946670840
0.0949797683
0.0952932544
0.0956075422
0.0959226316
0.0962385221
0.0965552136
0.0968727057
0.0971909981
0.0975100906
0.0978299827
0.0981506740
0.0984721643
0.0987944531
0.0991175399
0.0994414244
0.0997661060
0.1000915844
0.1004178589
0.1007449291
0.1010727945
0.1014014544
0.1017309084
0.1020611558
0.1023921961
0.1027240285
0.1030566526
0.1033900675
0.1037242726
0.1040592673
0.1043950507
0.1047316223
0.1050689811
0.1054071265
0.1057460577
0.1060857738
0.1064262740
0.1067675576
0.1071096235
0.1074524710
0.1077960992
0.1081405071
0.1084856939
0.1088316585
0.1091784000
0.1095259174
0.1098742098
0.1102232761
0.1105731153
0.1109237263
0.1112751080
0.1116272595
0.1119801796
0.1123338672
0.1126883211
0.1130435402
0.1133995234
0.1137562694
0.1141137772
0.1144720454
0.1148310729
0.1151908583
0.1155514006
0.1159126984
0.1162747504
0.1166375553
0.1170011118
0.1173654186
0.1177304744
0.1180962778
0.1184628274
0.1188301219
0.1191981599
0.1195669400
0.1199364607
0.1203067206
0.1206777184
0.1210494525
0.1214219214
0.1217951238
0.1221690581
0.1225437228
0.1229191164
0.1232952374
0.1236720843
0.1240496555
0.1244279495
0.1248069647
0.1251866996
0.1255671525
0.1259483219
0.1263302062
0.1267128038
0.1270961131
0.1274801325
0.1278648603
0.1282502949
0.1286364346
0.1290232779
0.1294108230
0.1297990684
0.1301880123
0.1305776530
0.1309679890
0.1313590185
0.1317507398
0.1321431512
0.1325362511
0.1329300378
0.1333245095
0.1337196646
0.1341155013
0.1345120180
0.1349092129
0.1353070843
0.1357056306
0.1361048499
0.1365047406
0.1369053010
0.1373065294
0.1377084240
0.1381109832
0.1385142052
0.1389180883
0.1393226308
0.1397278310
0.1401336872
0.1405401977
0.1409473608
0.1413551749
0.1417636381
0.1421727490
0.1425825056
0.1429929065
0.1434039499
0.1438156342
0.1442279576
0.1446409187
0.1450545156
0.1454687469
0.1458836108
0.1462991057
0.1467152301
0.1471319823
0.1475493607
0.1479673638
0.1483859900
0.1488052378
0.1492251055
0.1496455917
0.1500666948
0.1504884133
0.1509107457
0.1513336906
0.1517572464
0.1521814117
0.1526061851
0.1530315651
0.1534575503
0.1538841393
0.1543113307
0.1547391232
0.1551675154
0.1555965060
0.1560260936
0.1564562771
0.1568870550
0.1573184261
0.1577503892
0.1581829431
0.1586160866
0.1590498184
0.1594841375
0.1599190427
0.1603545328
0.1607906068
0.1612272637
0.1616645023
0.1621023216
0.1625407207
0.1629796985
0.1634192541
0.1638593867
0.1643000952
0.1647413787
0.1651832366
0.1656256679
0.1660686718
0.1665122475
0.1669563944
0.1674011117
0.1678463987
0.1682922547
0.1687386792
0.1691856716
0.1696332312
0.1700813576
0.1705300501
0.1709793085
0.1714291321
0.1718795207
0.1723304738
0.1727819910
0.1732340722
0.1736867169
0.1741399249
0.1745936961
0.1750480302
0.1755029272
0.1759583868
0.1764144091
0.1768709940
0.1773281415
0.1777858516
0.1782441245
0.1787029601
0.1791623588
0.1796223206
0.1800828457
0.1805439346
0.1810055874
0.1814678045
0.1819305863
0.1823939332
0.1828578456
0.1833223242
0.1837873693
0.1842529817
0.1847191619
0.1851859106
0.1856532285
0.1861211164
0.1865895750
0.1870586053
0.1875282080
0.1879983841
0.1884691346
0.1889404605
0.1894123628
0.1898848427
0.1903579013
0.1908315397
0.1913057593
0.1917805613
0.1922559470
0.1927319179
0.1932084752
0.1936856206
0.1941633555
0.1946416814
0.1951206000
0.1956001130
0.1960802219
0.1965609287
0.1970422351
0.1975241428
0.1980066539
0.1984897703
0.1989734939
0.1994578269
0.1999427712
0.2004283290
0.2009145025
0.2014012940
0.2018887058
0.2023767401
0.2028653993
0.2033546860
0.2038446025
0.2043351515
0.2048263354
0.2053181570
0.2058106190
0.2063037240
0.2067974748
0.2072918744
0.2077869256
0.2082826313
0.2087789945
0.2092760183
0.2097737058
0.2102720601
0.2107710845
0.2112707821
0.2117711563
0.2122722104
0.2127739479
0.2132763722
0.2137794867
0.2142832952
0.2147878012
0.2152930083
0.2157989202
0.2163055409
0.2168128739
0.2173209234
0.2178296931
0.2183391870
0.2188494092
0.2193603638
0.2198720548
0.2203844865
0.2208976631
0.2214115890
0.2219262683
0.2224417056
0.2229579053
0.2234748718
0.2239926098
0.2245111237
0.2250304184
0.2255504984
0.2260713685
0.2265930335
0.2271154984
0.2276387679
0.2281628470
0.2286877408
0.2292134543
0.2297399925
0.2302673608
0.2307955642
0.2313246081
0.2318544977
0.2323852384
0.2329168357
0.2334492949
0.2339826215
0.2345168212
0.2350518996
0.2355878622
0.2361247148
0.2366624632
0.2372011131
0.2377406704
0.2382811410
0.2388225309
0.2393648459
0.2399080923
0.2404522760
0.2409974031
0.2415434800
0.2420905127
0.2426385076
0.2431874710
0.2437374092
0.2442883287
0.2448402359
0.2453931373
0.2459470395
0.2465019490
0.2470578725
0.2476148167
0.2481727883
0.2487317941
0.2492918408
0.2498529353
0.2504150845
0.2509782954
0.2515425750
0.2521079302
0.2526743681
0.2532418958
0.2538105205
0.2543802494
0.2549510897
0.2555230486
0.2560961334
0.2566703516
0.2572457104
0.2578222174
0.2583998800
0.2589787056
0.2595587018
0.2601398763
0.2607222365
0.2613057902
0.2618905450
0.2624765087
0.2630636890
0.2636520937
0.2642417306
0.2648326077
0.2654247327
0.2660181136
0.2666127585
0.2672086752
0.2678058718
0.2684043564
0.2690041371
0.2696052219
0.2702076191
0.2708113368
0.2714163833
0.2720227667
0.2726304954
0.2732395777
0.2738500218
0.2744618362
0.2750750293
0.2756896094
0.2763055851
0.2769229647
0.2775417568
0.2781619698
0.2787836124
0.2794066931
0.2800312205
0.2806572033
0.2812846500
0.2819135693
0.2825439699
0.2831758605
0.2838092499
0.2844441468
0.2850805600
0.2857184983
0.2863579704
0.2869989852
0.2876415517
0.2882856785
0.2889313747
0.2895786491
0.2902275106
0.2908779682
0.2915300309
0.2921837076
0.2928390073
0.2934959389
0.2941545116
0.2948147343
0.2954766161
0.2961401660
0.2968053931
0.2974723064
0.2981409151
0.2988112283
0.2994832550
0.3001570043
0.3008324855
0.3015097076
0.3021886798
0.3028694113
0.3035519111
0.3042361884
0.3049222525
0.3056101125
0.3062997776
0.3069912570
0.3076845598
0.3083796952
0.3090766725
0.3097755009
0.3104761895
0.3111787475
0.3118831842
0.3125895088
0.3132977304
0.3140078583
0.3147199017
0.3154338698
0.3161497717
0.3168676167
0.3175874139
0.3183091726
0.3190329020
0.3197586111
0.3204863092
0.3212160055
0.3219477091
0.3226814292
0.3234171749
0.3241549554
0.3248947798
0.3256366572
0.3263805968
0.3271266075
0.3278746987
0.3286248792
0.3293771582
0.3301315447
0.3308880479
0.3316466766
0.3324074400
0.3331703471
0.3339354068
0.3347026280
0.3354720199
0.3362435912
0.3370173510
0.3377933081
0.3385714715
0.3393518499
0.3401344523
0.3409192874
0.3417063642
0.3424956913
0.3432872776
0.3440811318
0.3448772626
0.3456756788
0.3464763890
0.3472794018
0.3480847259
0.3488923699
0.3497023424
0.3505146520
0.3513293071
0.3521463163
0.3529656880
0.3537874307
0.3546115529
0.3554380628
0.3562669688
0.3570982794
0.3579320027
0.3587681471
0.3596067208
0.3604477319
0.3612911887
0.3621370993
0.3629854717
0.3638363142
0.3646896346
0.3655454410
0.3664037413
0.3672645436
0.3681278556
0.3689936852
0.3698620402
0.3707329285
0.3716063577
0.3724823355
0.3733608697
0.3742419677
0.3751256372
0.3760118858
0.3769007208
0.3777921498
0.3786861802
0.3795828193
0.3804820745
0.3813839530
0.3822884620
0.3831956088
0.3841054005
0.3850178441
0.3859329467
0.3868507154
0.3877711570
0.3886942784
0.3896200866
0.3905485883
0.3914797903
0.3924136992
0.3933503218
0.3942896646
0.3952317342
0.3961765370
0.3971240796
0.3980743683
0.3990274095
0.3999832094
0.4009417743
0.4019031103
0.4028672236
0.4038341202
0.4048038062
0.4057762875
0.4067515699
0.4077296594
0.4087105617
0.4096942825
0.4106808276
0.4116702024
0.4126624126
0.4136574636
0.4146553608
0.4156561097
0.4166597155
0.4176661834
0.4186755187
0.4196877264
0.4207028117
0.4217207794
0.4227416346
0.4237653820
0.4247920265
0.4258215728
0.4268540256
0.4278893895
0.4289276690
0.4299688686
0.4310129927
0.4320600456
0.4331100315
0.4341629548
0.4352188195
0.4362776297
0.4373393894
0.4384041025
0.4394717729
0.4405424043
0.4416160004
0.4426925650
0.4437721016
0.4448546137
0.4459401047
0.4470285779
0.4481200368
0.4492144844
0.4503119240
0.4514123585
0.4525157911
0.4536222246
0.4547316618
0.4558441056
0.4569595586
0.4580780235
0.4591995028
0.4603239990
0.4614515145
0.4625820516
0.4637156126
0.4648521995
0.4659918147
0.4671344599
0.4682801373
0.4694288485
0.4705805956
0.4717353800
0.4728932035
0.4740540677
0.4752179739
0.4763849236
0.4775549181
0.4787279587
0.4799040464
0.4810831824
0.4822653677
0.4834506032
0.4846388897
0.4858302280
0.4870246187
0.4882220625
0.4894225599
0.4906261113
0.4918327170
0.4930423774
0.4942550926
0.4954708628
0.4966896879
0.4979115680
0.4991365028
0.5003644922
0.5015955359
0.5028296335
0.5040667845
0.5053069884
0.5065502446
0.5077965523
0.5090459108
0.5102983192
0.5115537765
0.5128122817
0.5140738336
0.5153384312
0.5166060730
0.5178767577
0.5191504839
0.5204272501
0.5217070545
0.5229898955
0.5242757714
0.5255646802
0.5268566199
0.5281515887
0.5294495843
0.5307506046
0.5320546472
0.5333617098
0.5346717900
0.5359848852
0.5373009928
0.5386201101
0.5399422343
0.5412673626
0.5425954920
0.5439266195
0.5452607420
0.5465978562
0.5479379590
0.5492810469
0.5506271165
0.5519761644
0.5533281868
0.5546831801
0.5560411405
0.5574020642
0.5587659473
0.5601327856
0.5615025753
0.5628753120
0.5642509915
0.5656296094
0.5670111614
0.5683956430
0.5697830496
0.5711733764
0.5725666188
0.5739627720
0.5753618310
0.5767637909
0.5781686466
0.5795763930
0.5809870248
0.5824005368
0.5838169236
0.5852361797
0.5866582996
0.5880832776
0.5895111082
0.5909417855
0.5923753038
0.5938116569
0.5952508391
0.5966928442
0.5981376660
0.5995852983
0.6010357349
0.6024889693
0.6039449951
0.6054038058
0.6068653948
0.6083297553
0.6097968807
0.6112667641
0.6127393986
0.6142147773
0.6156928930
0.6171737387
0.6186573073
0.6201435913
0.6216325835
0.6231242766
0.6246186629
0.6261157350
0.6276154852
0.6291179059
0.6306229893
0.6321307276
0.6336411128
0.6351541370
0.6366697922
0.6381880703
0.6397089630
0.6412324622
0.6427585596
0.6442872467
0.6458185152
0.6473523565
0.6488887621
0.6504277233
0.6519692314
0.6535132777
0.6550598533
0.6566089494
0.6581605570
0.6597146670
0.6612712704
0.6628303580
0.6643919207
0.6659559491
0.6675224340
0.6690913659
0.6706627354
0.6722365330
0.6738127492
0.6753913742
0.6769723984
0.6785558121
0.6801416054
0.6817297686
0.6833202916
0.6849131645
0.6865083773
0.6881059200
0.6897057822
0.6913079539
0.6929124249
0.6945191847
0.6961282231
0.6977395296
0.6993530938
0.7009689052
0.7025869531
0.7042072270
0.7058297163
0.7074544101
0.7090812977
0.7107103683
0.7123416110
0.7139750149
0.7156105691
0.7172482625
0.7188880840
0.7205300226
0.7221740671
0.7238202062
0.7254684288
0.7271187235
0.7287710791
0.7304254840
0.7320819270
0.7337403964
0.7354008809
0.7370633688
0.7387278485
0.7403943084
0.7420627369
0.7437331221
0.7454054524
0.7470797159
0.7487559007
0.7504339951
0.7521139869
0.7537958644
0.7554796155
0.7571652281
0.7588526902
0.7605419897
0.7622331144
0.7639260521
0.7656207906
0.7673173176
0.7690156209
0.7707156881
0.7724175068
0.7741210648
0.7758263494
0.7775333484
0.7792420491
0.7809524390
0.7826645057
0.7843782365
0.7860936187
0.7878106398
0.7895292871
0.7912495478
0.7929714092
0.7946948585
0.7964198830
0.7981464697
0.7998746060
0.8016042788
0.8033354753
0.8050681825
0.8068023875
0.8085380772
0.8102752388
0.8120138591
0.8137539250
0.8154954235
0.8172383415
0.8189826659
0.8207283834
0.8224754808
0.8242239451
0.8259737630
0.8277249211
0.8294774063
0.8312312052
0.8329863045
0.8347426909
0.8365003511
0.8382592716
0.8400194391
0.8417808401
0.8435434612
0.8453072890
0.8470723100
0.8488385106
0.8506058775
0.8523743970
0.8541440556
0.8559148397
0.8576867359
0.8594597304
0.8612338097
0.8630089601
0.8647851680
0.8665624197
0.8683407016
0.8701200000
0.8719003012
0.8736815914
0.8754638570
0.8772470842
0.8790312591
0.8808163682
0.8826023975
0.8843893332
0.8861771617
0.8879658690
0.8897554413
0.8915458647
0.8933371255
0.8951292097
0.8969221035
0.8987157929
0.9005102642
0.9023055032
0.9041014963
0.9058982293
0.9076956884
0.9094938596
0.9112927290
0.9130922826
0.9148925065
0.9166933865
0.9184949088
0.9202970593
0.9220998241
0.9239031891
0.9257071403
0.9275116636
0.9293167451
0.9311223706
0.9329285262
0.9347351977
0.9365423711
0.9383500324
0.9401581674
0.9419667621
0.9437758024
0.9455852742
0.9473951633
0.9492054558
0.9510161374
0.9528271942
0.9546386118
0.9564503763
0.9582624735
0.9600748893
0.9618876095
0.9637006200
0.9655139067
0.9673274554
0.9691412520
0.9709552823
0.9727695322
0.9745839875
0.9763986341
0.9782134578
0.9800284444
0.9818435798
0.9836588498
0.9854742403
0.9872897370
0.9891053259
0.9909209927
0.9927367233
0.9945525035
0.9963683191
0.9981841560
1.0000000000
