0.0000000000
0.0900450225
0.1800900450
0.2701350675
0.3601800900
0.4502251126
0.5402701351
0.6303151576
0.7203601801
0.8104052026
0.9004502251
0.9904952476
1.0805402701
1.1705852926
1.2606303152
1.3506753377
1.4407203602
1.5307653827
1.6208104052
1.7108554277
1.8009004502
1.8909454727
1.9809904952
2.0710355178
2.1610805403
2.2511255628
2.3411705853
2.4312156078
2.5212606303
2.6113056528
2.7013506753
2.7913956978
2.8814407204
2.9714857429
3.0615307654
3.1515757879
3.2416208104
3.3316658329
3.4217108554
3.5117558779
3.6018009005
3.6918459230
3.7818909455
3.8719359680
3.9619809905
4.0520260130
4.1420710355
4.2321160580
4.3221610805
4.4122061031
4.5022511256
4.5922961481
4.6823411706
4.7723861931
4.8624312156
4.9524762381
5.0425212606
5.1325662831
5.2226113057
5.3126563282
5.4027013507
5.4927463732
5.5827913957
5.6728364182
5.7628814407
5.8529264632
5.9429714857
6.0330165083
6.1230615308
6.2131065533
6.3031515758
6.3931965983
6.4832416208
6.5732866433
6.6633316658
6.7533766883
6.8434217109
6.9334667334
7.0235117559
7.1135567784
7.2036018009
7.2936468234
7.3836918459
7.4737368684
7.5637818909
7.6538269135
7.7438719360
7.8339169585
7.9239619810
8.0140070035
8.1040520260
8.1940970485
8.2841420710
8.3741870935
8.4642321161
8.5542771386
8.6443221611
8.7343671836
8.8244122061
8.9144572286
9.0045022511
9.0945472736
9.1845922961
9.2746373187
9.3646823412
9.4547273637
9.5447723862
9.6348174087
9.7248624312
9.8149074537
9.9049524762
9.9949974987
10.0850425213
10.1750875438
10.2651325663
10.3551775888
10.4452226113
10.5352676338
10.6253126563
10.7153576788
10.8054027014
10.8954477239
10.9854927464
11.0755377689
11.1655827914
11.2556278139
11.3456728364
11.4357178589
11.5257628814
11.6158079040
11.7058529265
11.7958979490
11.8859429715
11.9759879940
12.0660330165
12.1560780390
12.2461230615
12.3361680840
12.4262131066
12.5162581291
12.6063031516
12.6963481741
12.7863931966
12.8764382191
12.9664832416
13.0565282641
13.1465732866
13.2366183092
13.3266633317
13.4167083542
13.5067533767
13.5967983992
13.6868434217
13.7768884442
13.8669334667
13.9569784892
14.0470235118
14.1370685343
14.2271135568
14.3171585793
14.4072036018
14.4972486243
14.5872936468
14.6773386693
14.7673836918
14.8574287144
14.9474737369
15.0375187594
15.1275637819
15.2176088044
15.3076538269
15.3976988494
15.4877438719
15.5777888944
15.6678339170
15.7578789395
15.8479239620
15.9379689845
16.0280140070
16.1180590295
16.2081040520
16.2981490745
16.3881940970
16.4782391196
16.5682841421
16.6583291646
16.7483741871
16.8384192096
16.9284642321
17.0185092546
17.1085542771
17.1985992996
17.2886443222
17.3786893447
17.4687343672
17.5587793897
17.6488244122
17.7388694347
17.8289144572
17.9189594797
18.0090045023
18.0990495248
18.1890945473
18.2791395698
18.3691845923
18.4592296148
18.5492746373
18.6393196598
18.7293646823
18.8194097049
18.9094547274
18.9994997499
19.0895447724
19.1795897949
19.2696348174
19.3596798399
19.4497248624
19.5397698849
19.6298149075
19.7198599300
19.8099049525
19.8999499750
19.9899949975
20.0800400200
20.1700850425
20.2601300650
20.3501750875
20.4402201101
20.5302651326
20.6203101551
20.7103551776
20.8004002001
20.8904452226
20.9804902451
21.0705352676
21.1605802901
21.2506253127
21.3406703352
21.4307153577
21.5207603802
21.6108054027
21.7008504252
21.7908954477
21.8809404702
21.9709854927
22.0610305153
22.1510755378
22.2411205603
22.3311655828
22.4212106053
22.5112556278
22.6013006503
22.6913456728
22.7813906953
22.8714357179
22.9614807404
23.0515257629
23.1415707854
23.2316158079
23.3216608304
23.4117058529
23.5017508754
23.5917958979
23.6818409205
23.7718859430
23.8619309655
23.9519759880
24.0420210105
24.1320660330
24.2221110555
24.3121560780
24.4022011006
24.4922461231
24.5822911456
24.6723361681
24.7623811906
24.8524262131
24.9424712356
25.0325162581
25.1225612806
25.2126063032
25.3026513257
25.3926963482
25.4827413707
25.5727863932
25.6628314157
25.7528764382
25.8429214607
25.9329664832
26.0230115058
26.1130565283
26.2031015508
26.2931465733
26.3831915958
26.4732366183
26.5632816408
26.6533266633
26.7433716858
26.8334167084
26.9234617309
27.0135067534
27.1035517759
27.1935967984
27.2836418209
27.3736868434
27.4637318659
27.5537768884
27.6438219110
27.7338669335
27.8239119560
27.9139569785
28.0040020010
28.0940470235
28.1840920460
28.2741370685
28.3641820910
28.4542271136
28.5442721361
28.6343171586
28.7243621811
28.8144072036
28.9044522261
28.9944972486
29.0845422711
29.1745872936
29.2646323162
29.3546773387
29.4447223612
29.5347673837
29.6248124062
29.7148574287
29.8049024512
29.8949474737
29.9849924962
30.0750375188
30.1650825413
30.2551275638
30.3451725863
30.4352176088
30.5252626313
30.6153076538
30.7053526763
30.7953976988
30.8854427214
30.9754877439
31.0655327664
31.1555777889
31.2456228114
31.3356678339
31.4257128564
31.5157578789
31.6058029015
31.6958479240
31.7858929465
31.8759379690
31.9659829915
32.0560280140
32.1460730365
32.2361180590
32.3261630815
32.4162081041
32.5062531266
32.5962981491
32.6863431716
32.7763881941
32.8664332166
32.9564782391
33.0465232616
33.1365682841
33.2266133067
33.3166583292
33.4067033517
33.4967483742
33.5867933967
33.6768384192
33.7668834417
33.8569284642
33.9469734867
34.0370185093
34.1270635318
34.2171085543
34.3071535768
34.3971985993
34.4872436218
34.5772886443
34.6673336668
34.7573786893
34.8474237119
34.9374687344
35.0275137569
35.1175587794
35.2076038019
35.2976488244
35.3876938469
35.4777388694
35.5677838919
35.6578289145
35.7478739370
35.8379189595
35.9279639820
36.0180090045
36.1080540270
36.1980990495
36.2881440720
36.3781890945
36.4682341171
36.5582791396
36.6483241621
36.7383691846
36.8284142071
36.9184592296
37.0085042521
37.0985492746
37.1885942971
37.2786393197
37.3686843422
37.4587293647
37.5487743872
37.6388194097
37.7288644322
37.8189094547
37.9089544772
37.9989994997
38.0890445223
38.1790895448
38.2691345673
38.3591795898
38.4492246123
38.5392696348
38.6293146573
38.7193596798
38.8094047024
38.8994497249
38.9894947474
39.0795397699
39.1695847924
39.2596298149
39.3496748374
39.4397198599
39.5297648824
39.6198099050
39.7098549275
39.7998999500
39.8899449725
39.9799899950
40.0700350175
40.1600800400
40.2501250625
40.3401700850
40.4302151076
40.5202601301
40.6103051526
40.7003501751
40.7903951976
40.8804402201
40.9704852426
41.0605302651
41.1505752876
41.2406203102
41.3306653327
41.4207103552
41.5107553777
41.6008004002
41.6908454227
41.7808904452
41.8709354677
41.9609804902
42.0510255128
42.1410705353
42.2311155578
42.3211605803
42.4112056028
42.5012506253
42.5912956478
42.6813406703
42.7713856928
42.8614307154
42.9514757379
43.0415207604
43.1315657829
43.2216108054
43.3116558279
43.4017008504
43.4917458729
43.5817908954
43.6718359180
43.7618809405
43.8519259630
43.9419709855
44.0320160080
44.1220610305
44.2121060530
44.3021510755
44.3921960980
44.4822411206
44.5722861431
44.6623311656
44.7523761881
44.8424212106
44.9324662331
45.0225112556
45.1125562781
45.2026013007
45.2926463232
45.3826913457
45.4727363682
45.5627813907
45.6528264132
45.7428714357
45.8329164582
45.9229614807
46.0130065033
46.1030515258
46.1930965483
46.2831415708
46.3731865933
46.4632316158
46.5532766383
46.6433216608
46.7333666833
46.8234117059
46.9134567284
47.0035017509
47.0935467734
47.1835917959
47.2736368184
47.3636818409
47.4537268634
47.5437718859
47.6338169085
47.7238619310
47.8139069535
47.9039519760
47.9939969985
48.0840420210
48.1740870435
48.2641320660
48.3541770885
48.4442221111
48.5342671336
48.6243121561
48.7143571786
48.8044022011
48.8944472236
48.9844922461
49.0745372686
49.1645822911
49.2546273137
49.3446723362
49.4347173587
49.5247623812
49.6148074037
49.7048524262
49.7948974487
49.8849424712
49.9749874937
50.0650325163
50.1550775388
50.2451225613
50.3351675838
50.4252126063
50.5152576288
50.6053026513
50.6953476738
50.7853926963
50.8754377189
50.9654827414
51.0555277639
51.1455727864
51.2356178089
51.3256628314
51.4157078539
51.5057528764
51.5957978989
51.6858429215
51.7758879440
51.8659329665
51.9559779890
52.0460230115
52.1360680340
52.2261130565
52.3161580790
52.4062031016
52.4962481241
52.5862931466
52.6763381691
52.7663831916
52.8564282141
52.9464732366
53.0365182591
53.1265632816
53.2166083042
53.3066533267
53.3966983492
53.4867433717
53.5767883942
53.6668334167
53.7568784392
53.8469234617
53.9369684842
54.0270135068
54.1170585293
54.2071035518
54.2971485743
54.3871935968
54.4772386193
54.5672836418
54.6573286643
54.7473736868
54.8374187094
54.9274637319
55.0175087544
55.1075537769
55.1975987994
55.2876438219
55.3776888444
55.4677338669
55.5577788894
55.6478239120
55.7378689345
55.8279139570
55.9179589795
56.0080040020
56.0980490245
56.1880940470
56.2781390695
56.3681840920
56.4582291146
56.5482741371
56.6383191596
56.7283641821
56.8184092046
56.9084542271
56.9984992496
57.0885442721
57.1785892946
57.2686343172
57.3586793397
57.4487243622
57.5387693847
57.6288144072
57.7188594297
57.8089044522
57.8989494747
57.9889944972
58.0790395198
58.1690845423
58.2591295648
58.3491745873
58.4392196098
58.5292646323
58.6193096548
58.7093546773
58.7993996998
58.8894447224
58.9794897449
59.0695347674
59.1595797899
59.2496248124
59.3396698349
59.4297148574
59.5197598799
59.6098049025
59.6998499250
59.7898949475
59.8799399700
59.9699849925
60.0600300150
60.1500750375
60.2401200600
60.3301650825
60.4202101051
60.5102551276
60.6003001501
60.6903451726
60.7803901951
60.8704352176
60.9604802401
61.0505252626
61.1405702851
61.2306153077
61.3206603302
61.4107053527
61.5007503752
61.5907953977
61.6808404202
61.7708854427
61.8609304652
61.9509754877
62.0410205103
62.1310655328
62.2211105553
62.3111555778
62.4012006003
62.4912456228
62.5812906453
62.6713356678
62.7613806903
62.8514257129
62.9414707354
63.0315157579
63.1215607804
63.2116058029
63.3016508254
63.3916958479
63.4817408704
63.5717858929
63.6618309155
63.7518759380
63.8419209605
63.9319659830
64.0220110055
64.1120560280
64.2021010505
64.2921460730
64.3821910955
64.4722361181
64.5622811406
64.6523261631
64.7423711856
64.8324162081
64.9224612306
65.0125062531
65.1025512756
65.1925962981
65.2826413207
65.3726863432
65.4627313657
65.5527763882
65.6428214107
65.7328664332
65.8229114557
65.9129564782
66.0030015008
66.0930465233
66.1830915458
66.2731365683
66.3631815908
66.4532266133
66.5432716358
66.6333166583
66.7233616808
66.8134067034
66.9034517259
66.9934967484
67.0835417709
67.1735867934
67.2636318159
67.3536768384
67.4437218609
67.5337668834
67.6238119060
67.7138569285
67.8039019510
67.8939469735
67.9839919960
68.0740370185
68.1640820410
68.2541270635
68.3441720860
68.4342171086
68.5242621311
68.6143071536
68.7043521761
68.7943971986
68.8844422211
68.9744872436
69.0645322661
69.1545772886
69.2446223112
69.3346673337
69.4247123562
69.5147573787
69.6048024012
69.6948474237
69.7848924462
69.8749374687
69.9649824912
70.0550275138
70.1450725363
70.2351175588
70.3251625813
70.4152076038
70.5052526263
70.5952976488
70.6853426713
70.7753876938
70.8654327164
70.9554777389
71.0455227614
71.1355677839
71.2256128064
71.3156578289
71.4057028514
71.4957478739
71.5857928964
71.6758379190
71.7658829415
71.8559279640
71.9459729865
72.0360180090
72.1260630315
72.2161080540
72.3061530765
72.3961980990
72.4862431216
72.5762881441
72.6663331666
72.7563781891
72.8464232116
72.9364682341
73.0265132566
73.1165582791
73.2066033017
73.2966483242
73.3866933467
73.4767383692
73.5667833917
73.6568284142
73.7468734367
73.8369184592
73.9269634817
74.0170085043
74.1070535268
74.1970985493
74.2871435718
74.3771885943
74.4672336168
74.5572786393
74.6473236618
74.7373686843
74.8274137069
74.9174587294
75.0075037519
75.0975487744
75.1875937969
75.2776388194
75.3676838419
75.4577288644
75.5477738869
75.6378189095
75.7278639320
75.8179089545
75.9079539770
75.9979989995
76.0880440220
76.1780890445
76.2681340670
76.3581790895
76.4482241121
76.5382691346
76.6283141571
76.7183591796
76.8084042021
76.8984492246
76.9884942471
77.0785392696
77.1685842921
77.2586293147
77.3486743372
77.4387193597
77.5287643822
77.6188094047
77.7088544272
77.7988994497
77.8889444722
77.9789894947
78.0690345173
78.1590795398
78.2491245623
78.3391695848
78.4292146073
78.5192596298
78.6093046523
78.6993496748
78.7893946973
78.8794397199
78.9694847424
79.0595297649
79.1495747874
79.2396198099
79.3296648324
79.4197098549
79.5097548774
79.5997998999
79.6898449225
79.7798899450
79.8699349675
79.9599799900
80.0500250125
80.1400700350
80.2301150575
80.3201600800
80.4102051026
80.5002501251
80.5902951476
80.6803401701
80.7703851926
80.8604302151
80.9504752376
81.0405202601
81.1305652826
81.2206103052
81.3106553277
81.4007003502
81.4907453727
81.5807903952
81.6708354177
81.7608804402
81.8509254627
81.9409704852
82.0310155078
82.1210605303
82.2111055528
82.3011505753
82.3911955978
82.4812406203
82.5712856428
82.6613306653
82.7513756878
82.8414207104
82.9314657329
83.0215107554
83.1115557779
83.2016008004
83.2916458229
83.3816908454
83.4717358679
83.5617808904
83.6518259130
83.7418709355
83.8319159580
83.9219609805
84.0120060030
84.1020510255
84.1920960480
84.2821410705
84.3721860930
84.4622311156
84.5522761381
84.6423211606
84.7323661831
84.8224112056
84.9124562281
85.0025012506
85.0925462731
85.1825912956
85.2726363182
85.3626813407
85.4527263632
85.5427713857
85.6328164082
85.7228614307
85.8129064532
85.9029514757
85.9929964982
86.0830415208
86.1730865433
86.2631315658
86.3531765883
86.4432216108
86.5332666333
86.6233116558
86.7133566783
86.8034017009
86.8934467234
86.9834917459
87.0735367684
87.1635817909
87.2536268134
87.3436718359
87.4337168584
87.5237618809
87.6138069035
87.7038519260
87.7938969485
87.8839419710
87.9739869935
88.0640320160
88.1540770385
88.2441220610
88.3341670835
88.4242121061
88.5142571286
88.6043021511
88.6943471736
88.7843921961
88.8744372186
88.9644822411
89.0545272636
89.1445722861
89.2346173087
89.3246623312
89.4147073537
89.5047523762
89.5947973987
89.6848424212
89.7748874437
89.8649324662
89.9549774887
90.0450225113
90.1350675338
90.2251125563
90.3151575788
90.4052026013
90.4952476238
90.5852926463
90.6753376688
90.7653826913
90.8554277139
90.9454727364
91.0355177589
91.1255627814
91.2156078039
91.3056528264
91.3956978489
91.4857428714
91.5757878939
91.6658329165
91.7558779390
91.8459229615
91.9359679840
92.0260130065
92.1160580290
92.2061030515
92.2961480740
92.3861930965
92.4762381191
92.5662831416
92.6563281641
92.7463731866
92.8364182091
92.9264632316
93.0165082541
93.1065532766
93.1965982991
93.2866433217
93.3766883442
93.4667333667
93.5567783892
93.6468234117
93.7368684342
93.8269134567
93.9169584792
94.0070035018
94.0970485243
94.1870935468
94.2771385693
94.3671835918
94.4572286143
94.5472736368
94.6373186593
94.7273636818
94.8174087044
94.9074537269
94.9974987494
95.0875437719
95.1775887944
95.2676338169
95.3576788394
95.4477238619
95.5377688844
95.6278139070
95.7178589295
95.8079039520
95.8979489745
95.9879939970
96.0780390195
96.1680840420
96.2581290645
96.3481740870
96.4382191096
96.5282641321
96.6183091546
96.7083541771
96.7983991996
96.8884442221
96.9784892446
97.0685342671
97.1585792896
97.2486243122
97.3386693347
97.4287143572
97.5187593797
97.6088044022
97.6988494247
97.7888944472
97.8789394697
97.9689844922
98.0590295148
98.1490745373
98.2391195598
98.3291645823
98.4192096048
98.5092546273
98.5992996498
98.6893446723
98.7793896948
98.8694347174
98.9594797399
99.0495247624
99.1395697849
99.2296148074
99.3196598299
99.4097048524
99.4997498749
99.5897948974
99.6798399200
99.7698849425
99.8599299650
99.9499749875
100.0400200100
100.1300650325
100.2201100550
100.3101550775
100.4002001001
100.4902451226
100.5802901451
100.6703351676
100.7603801901
100.8504252126
100.9404702351
101.0305152576
101.1205602801
101.2106053027
101.3006503252
101.3906953477
101.4807403702
101.5707853927
101.6608304152
101.7508754377
101.8409204602
101.9309654827
102.0210105053
102.1110555278
102.2011005503
102.2911455728
102.3811905953
102.4712356178
102.5612806403
102.6513256628
102.7413706853
102.8314157079
102.9214607304
103.0115057529
103.1015507754
103.1915957979
103.2816408204
103.3716858429
103.4617308654
103.5517758879
103.6418209105
103.7318659330
103.8219109555
103.9119559780
104.0020010005
104.0920460230
104.1820910455
104.2721360680
104.3621810905
104.4522261131
104.5422711356
104.6323161581
104.7223611806
104.8124062031
104.9024512256
104.9924962481
105.0825412706
105.1725862931
105.2626313157
105.3526763382
105.4427213607
105.5327663832
105.6228114057
105.7128564282
105.8029014507
105.8929464732
105.9829914957
106.0730365183
106.1630815408
106.2531265633
106.3431715858
106.4332166083
106.5232616308
106.6133066533
106.7033516758
106.7933966983
106.8834417209
106.9734867434
107.0635317659
107.1535767884
107.2436218109
107.3336668334
107.4237118559
107.5137568784
107.6038019010
107.6938469235
107.7838919460
107.8739369685
107.9639819910
108.0540270135
108.1440720360
108.2341170585
108.3241620810
108.4142071036
108.5042521261
108.5942971486
108.6843421711
108.7743871936
108.8644322161
108.9544772386
109.0445222611
109.1345672836
109.2246123062
109.3146573287
109.4047023512
109.4947473737
109.5847923962
109.6748374187
109.7648824412
109.8549274637
109.9449724862
110.0350175088
110.1250625313
110.2151075538
110.3051525763
110.3951975988
110.4852426213
110.5752876438
110.6653326663
110.7553776888
110.8454227114
110.9354677339
111.0255127564
111.1155577789
111.2056028014
111.2956478239
111.3856928464
111.4757378689
111.5657828914
111.6558279140
111.7458729365
111.8359179590
111.9259629815
112.0160080040
112.1060530265
112.1960980490
112.2861430715
112.3761880940
112.4662331166
112.5562781391
112.6463231616
112.7363681841
112.8264132066
112.9164582291
113.0065032516
113.0965482741
113.1865932966
113.2766383192
113.3666833417
113.4567283642
113.5467733867
113.6368184092
113.7268634317
113.8169084542
113.9069534767
113.9969984992
114.0870435218
114.1770885443
114.2671335668
114.3571785893
114.4472236118
114.5372686343
114.6273136568
114.7173586793
114.8074037019
114.8974487244
114.9874937469
115.0775387694
115.1675837919
115.2576288144
115.3476738369
115.4377188594
115.5277638819
115.6178089045
115.7078539270
115.7978989495
115.8879439720
115.9779889945
116.0680340170
116.1580790395
116.2481240620
116.3381690845
116.4282141071
116.5182591296
116.6083041521
116.6983491746
116.7883941971
116.8784392196
116.9684842421
117.0585292646
117.1485742871
117.2386193097
117.3286643322
117.4187093547
117.5087543772
117.5987993997
117.6888444222
117.7788894447
117.8689344672
117.9589794897
118.0490245123
118.1390695348
118.2291145573
118.3191595798
118.4092046023
118.4992496248
118.5892946473
118.6793396698
118.7693846923
118.8594297149
118.9494747374
119.0395197599
119.1295647824
119.2196098049
119.3096548274
119.3996998499
119.4897448724
119.5797898949
119.6698349175
119.7598799400
119.8499249625
119.9399699850
120.0300150075
120.1200600300
120.2101050525
120.3001500750
120.3901950975
120.4802401201
120.5702851426
120.6603301651
120.7503751876
120.8404202101
120.9304652326
121.0205102551
121.1105552776
121.2006003002
121.2906453227
121.3806903452
121.4707353677
121.5607803902
121.6508254127
121.7408704352
121.8309154577
121.9209604802
122.0110055028
122.1010505253
122.1910955478
122.2811405703
122.3711855928
122.4612306153
122.5512756378
122.6413206603
122.7313656828
122.8214107054
122.9114557279
123.0015007504
123.0915457729
123.1815907954
123.2716358179
123.3616808404
123.4517258629
123.5417708854
123.6318159080
123.7218609305
123.8119059530
123.9019509755
123.9919959980
124.0820410205
124.1720860430
124.2621310655
124.3521760880
124.4422211106
124.5322661331
124.6223111556
124.7123561781
124.8024012006
124.8924462231
124.9824912456
125.0725362681
125.1625812906
125.2526263132
125.3426713357
125.4327163582
125.5227613807
125.6128064032
125.7028514257
125.7928964482
125.8829414707
125.9729864932
126.0630315158
126.1530765383
126.2431215608
126.3331665833
126.4232116058
126.5132566283
126.6033016508
126.6933466733
126.7833916958
126.8734367184
126.9634817409
127.0535267634
127.1435717859
127.2336168084
127.3236618309
127.4137068534
127.5037518759
127.5937968984
127.6838419210
127.7738869435
127.8639319660
127.9539769885
128.0440220110
128.1340670335
128.2241120560
128.3141570785
128.4042021011
128.4942471236
128.5842921461
128.6743371686
128.7643821911
128.8544272136
128.9444722361
129.0345172586
129.1245622811
129.2146073037
129.3046523262
129.3946973487
129.4847423712
129.5747873937
129.6648324162
129.7548774387
129.8449224612
129.9349674837
130.0250125063
130.1150575288
130.2051025513
130.2951475738
130.3851925963
130.4752376188
130.5652826413
130.6553276638
130.7453726863
130.8354177089
130.9254627314
131.0155077539
131.1055527764
131.1955977989
131.2856428214
131.3756878439
131.4657328664
131.5557778889
131.6458229115
131.7358679340
131.8259129565
131.9159579790
132.0060030015
132.0960480240
132.1860930465
132.2761380690
132.3661830915
132.4562281141
132.5462731366
132.6363181591
132.7263631816
132.8164082041
132.9064532266
132.9964982491
133.0865432716
133.1765882941
133.2666333167
133.3566783392
133.4467233617
133.5367683842
133.6268134067
133.7168584292
133.8069034517
133.8969484742
133.9869934967
134.0770385193
134.1670835418
134.2571285643
134.3471735868
134.4372186093
134.5272636318
134.6173086543
134.7073536768
134.7973986993
134.8874437219
134.9774887444
135.0675337669
135.1575787894
135.2476238119
135.3376688344
135.4277138569
135.5177588794
135.6078039020
135.6978489245
135.7878939470
135.8779389695
135.9679839920
136.0580290145
136.1480740370
136.2381190595
136.3281640820
136.4182091046
136.5082541271
136.5982991496
136.6883441721
136.7783891946
136.8684342171
136.9584792396
137.0485242621
137.1385692846
137.2286143072
137.3186593297
137.4087043522
137.4987493747
137.5887943972
137.6788394197
137.7688844422
137.8589294647
137.9489744872
138.0390195098
138.1290645323
138.2191095548
138.3091545773
138.3991995998
138.4892446223
138.5792896448
138.6693346673
138.7593796898
138.8494247124
138.9394697349
139.0295147574
139.1195597799
139.2096048024
139.2996498249
139.3896948474
139.4797398699
139.5697848924
139.6598299150
139.7498749375
139.8399199600
139.9299649825
140.0200100050
140.1100550275
140.2001000500
140.2901450725
140.3801900950
140.4702351176
140.5602801401
140.6503251626
140.7403701851
140.8304152076
140.9204602301
141.0105052526
141.1005502751
141.1905952976
141.2806403202
141.3706853427
141.4607303652
141.5507753877
141.6408204102
141.7308654327
141.8209104552
141.9109554777
142.0010005003
142.0910455228
142.1810905453
142.2711355678
142.3611805903
142.4512256128
142.5412706353
142.6313156578
142.7213606803
142.8114057029
142.9014507254
142.9914957479
143.0815407704
143.1715857929
143.2616308154
143.3516758379
143.4417208604
143.5317658829
143.6218109055
143.7118559280
143.8019009505
143.8919459730
143.9819909955
144.0720360180
144.1620810405
144.2521260630
144.3421710855
144.4322161081
144.5222611306
144.6123061531
144.7023511756
144.7923961981
144.8824412206
144.9724862431
145.0625312656
145.1525762881
145.2426213107
145.3326663332
145.4227113557
145.5127563782
145.6028014007
145.6928464232
145.7828914457
145.8729364682
145.9629814907
146.0530265133
146.1430715358
146.2331165583
146.3231615808
146.4132066033
146.5032516258
146.5932966483
146.6833416708
146.7733866933
146.8634317159
146.9534767384
147.0435217609
147.1335667834
147.2236118059
147.3136568284
147.4037018509
147.4937468734
147.5837918959
147.6738369185
147.7638819410
147.8539269635
147.9439719860
148.0340170085
148.1240620310
148.2141070535
148.3041520760
148.3941970985
148.4842421211
148.5742871436
148.6643321661
148.7543771886
148.8444222111
148.9344672336
149.0245122561
149.1145572786
149.2046023012
149.2946473237
149.3846923462
149.4747373687
149.5647823912
149.6548274137
149.7448724362
149.8349174587
149.9249624812
150.0150075038
150.1050525263
150.1950975488
150.2851425713
150.3751875938
150.4652326163
150.5552776388
150.6453226613
150.7353676838
150.8254127064
150.9154577289
151.0055027514
151.0955477739
151.1855927964
151.2756378189
151.3656828414
151.4557278639
151.5457728864
151.6358179090
151.7258629315
151.8159079540
151.9059529765
151.9959979990
152.0860430215
152.1760880440
152.2661330665
152.3561780890
152.4462231116
152.5362681341
152.6263131566
152.7163581791
152.8064032016
152.8964482241
152.9864932466
153.0765382691
153.1665832916
153.2566283142
153.3466733367
153.4367183592
153.5267633817
153.6168084042
153.7068534267
153.7968984492
153.8869434717
153.9769884942
154.0670335168
154.1570785393
154.2471235618
154.3371685843
154.4272136068
154.5172586293
154.6073036518
154.6973486743
154.7873936968
154.8774387194
154.9674837419
155.0575287644
155.1475737869
155.2376188094
155.3276638319
155.4177088544
155.5077538769
155.5977988994
155.6878439220
155.7778889445
155.8679339670
155.9579789895
156.0480240120
156.1380690345
156.2281140570
156.3181590795
156.4082041021
156.4982491246
156.5882941471
156.6783391696
156.7683841921
156.8584292146
156.9484742371
157.0385192596
157.1285642821
157.2186093047
157.3086543272
157.3986993497
157.4887443722
157.5787893947
157.6688344172
157.7588794397
157.8489244622
157.9389694847
158.0290145073
158.1190595298
158.2091045523
158.2991495748
158.3891945973
158.4792396198
158.5692846423
158.6593296648
158.7493746873
158.8394197099
158.9294647324
159.0195097549
159.1095547774
159.1995997999
159.2896448224
159.3796898449
159.4697348674
159.5597798899
159.6498249125
159.7398699350
159.8299149575
159.9199599800
160.0100050025
160.1000500250
160.1900950475
160.2801400700
160.3701850925
160.4602301151
160.5502751376
160.6403201601
160.7303651826
160.8204102051
160.9104552276
161.0005002501
161.0905452726
161.1805902951
161.2706353177
161.3606803402
161.4507253627
161.5407703852
161.6308154077
161.7208604302
161.8109054527
161.9009504752
161.9909954977
162.0810405203
162.1710855428
162.2611305653
162.3511755878
162.4412206103
162.5312656328
162.6213106553
162.7113556778
162.8014007004
162.8914457229
162.9814907454
163.0715357679
163.1615807904
163.2516258129
163.3416708354
163.4317158579
163.5217608804
163.6118059030
163.7018509255
163.7918959480
163.8819409705
163.9719859930
164.0620310155
164.1520760380
164.2421210605
164.3321660830
164.4222111056
164.5122561281
164.6023011506
164.6923461731
164.7823911956
164.8724362181
164.9624812406
165.0525262631
165.1425712856
165.2326163082
165.3226613307
165.4127063532
165.5027513757
165.5927963982
165.6828414207
165.7728864432
165.8629314657
165.9529764882
166.0430215108
166.1330665333
166.2231115558
166.3131565783
166.4032016008
166.4932466233
166.5832916458
166.6733366683
166.7633816908
166.8534267134
166.9434717359
167.0335167584
167.1235617809
167.2136068034
167.3036518259
167.3936968484
167.4837418709
167.5737868934
167.6638319160
167.7538769385
167.8439219610
167.9339669835
168.0240120060
168.1140570285
168.2041020510
168.2941470735
168.3841920960
168.4742371186
168.5642821411
168.6543271636
168.7443721861
168.8344172086
168.9244622311
169.0145072536
169.1045522761
169.1945972986
169.2846423212
169.3746873437
169.4647323662
169.5547773887
169.6448224112
169.7348674337
169.8249124562
169.9149574787
170.0050025013
170.0950475238
170.1850925463
170.2751375688
170.3651825913
170.4552276138
170.5452726363
170.6353176588
170.7253626813
170.8154077039
170.9054527264
170.9954977489
171.0855427714
171.1755877939
171.2656328164
171.3556778389
171.4457228614
171.5357678839
171.6258129065
171.7158579290
171.8059029515
171.8959479740
171.9859929965
172.0760380190
172.1660830415
172.2561280640
172.3461730865
172.4362181091
172.5262631316
172.6163081541
172.7063531766
172.7963981991
172.8864432216
172.9764882441
173.0665332666
173.1565782891
173.2466233117
173.3366683342
173.4267133567
173.5167583792
173.6068034017
173.6968484242
173.7868934467
173.8769384692
173.9669834917
174.0570285143
174.1470735368
174.2371185593
174.3271635818
174.4172086043
174.5072536268
174.5972986493
174.6873436718
174.7773886943
174.8674337169
174.9574787394
175.0475237619
175.1375687844
175.2276138069
175.3176588294
175.4077038519
175.4977488744
175.5877938969
175.6778389195
175.7678839420
175.8579289645
175.9479739870
176.0380190095
176.1280640320
176.2181090545
176.3081540770
176.3981990995
176.4882441221
176.5782891446
176.6683341671
176.7583791896
176.8484242121
176.9384692346
177.0285142571
177.1185592796
177.2086043022
177.2986493247
177.3886943472
177.4787393697
177.5687843922
177.6588294147
177.7488744372
177.8389194597
177.9289644822
178.0190095048
178.1090545273
178.1990995498
178.2891445723
178.3791895948
178.4692346173
178.5592796398
178.6493246623
178.7393696848
178.8294147074
178.9194597299
179.0095047524
179.0995497749
179.1895947974
179.2796398199
179.3696848424
179.4597298649
179.5497748874
179.6398199100
179.7298649325
179.8199099550
179.9099549775
180.0000000000
